 .__   __.   ______   .___  ___.   ______    _______   _______   ______   ______      .______   ____    ____ 
 |  \ |  |  /  __  \  |   \/   |  /  __  \  |       \ |   ____| /      | /  __  \     |   _  \  \   \  /   / 
 |   \|  | |  |  |  | |  \  /  | |  |  |  | |  .--.  ||  |__   |  ,----'|  |  |  |    |  |_)  |  \   \/   /  
 |  . `  | |  |  |  | |  |\/|  | |  |  |  | |  |  |  ||   __|  |  |     |  |  |  |    |   ___/    \_    _/   
 |  |\   | |  `--'  | |  |  |  | |  `--'  | |  '--'  ||  |____ |  `----.|  `--'  |  __|  |          |  |     
 |__| \__|  \______/  |__|  |__|  \______/  |_______/ |_______| \______| \______/  (__) _|          |__|     
                                                                                                             


**************************************************************************************************************
                                  Kemal Önen, Dennis F. Dinu, Klaus R. Liedl                                  
                                      Liedl Lab, University of Innsbruck                                      
**************************************************************************************************************

Planar system detected. Therefore out-of-plane angles are used in your analysis. Note that out-of-plane angles tend to perform worse
than the other internal coordinates in terms of computational cost and in the decomposition. However they can be
useful for planar systems.

The detected point group is C2v
The following equivalent atoms were found: [['H2', 'H3'], ['O1']] 

The following primitive internals (bonds, (in-plane) angles, linear valence angles, out-of-plane angles and torsions) were generated:
bonds: [('O1', 'H2'), ('O1', 'H3')]
in-plane angles: [('H2', 'O1', 'H3')]
linear valence-angles: []
out-of-plane angles: []
dihedrals: []

3 internal coordinates are at least needed for the decomposition scheme.


-------------------------------- Initialization of an internal coordinate set --------------------------------

The following 3 Internal Coordinates are used in your analysis:
bonds: [('O1', 'H2'), ('O1', 'H3')]
in-plane angles: [('H2', 'O1', 'H3')]
linear valence-angles: []
out-of-plane angles: []
dihedrals: []


-------------------------- Results of the Decomposition Scheme ---------------------------

1.) Intrinsic Frequencies for all normal-coordinate frequencies and
    vibrational distribution matrix (exact approximation) at the following
    harmonic frequencies (all frequency values in cm-1):

Internal Coordinate Intrinsic Frequencies 1824 2906  2670
           (O1, H2)               1712.54 0.78 0.01 -0.00
           (O1, H3)               3399.62 0.09 0.66  0.74
       (H2, O1, H3)               2358.57 0.18 0.31  0.24

Check if matrix is normalized: 1.0

2.) Intrinsic Frequencies for all normal-coordinate frequencies and
    diagonal elements of the PED matrix at the following
    harmonic frequencies (all frequency values in cm-1):

Internal Coordinate Intrinsic Frequencies 1824 2906 2670
           (O1, H2)               1712.54 0.70 0.00 0.00
           (O1, H3)               3399.62 0.25 0.48 0.60
       (H2, O1, H3)               2358.57 0.12 0.12 0.13

3.) Intrinsic Frequencies for all normal-coordinate frequencies and
    contribution table calculated from the diagonal elements of the PED at the following
    harmonic frequencies (all frequency values in cm-1):

Internal Coordinate Intrinsic Frequencies  1824  2906  2670
           (O1, H2)               1712.54 65.15  0.03  0.07
           (O1, H3)               3399.62 23.38 79.77 82.01
       (H2, O1, H3)               2358.57 11.47 20.20 17.92

----- Extended Results: Exact PED, KED and TED analysis per mode -----

Normal mode at the following harmonic frequency: 1824 cm-1

Potential energy distribution matrix (normalization check: 1.0)

Internal Coordinate (O1, H2) (O1, H3) (H2, O1, H3)
           (O1, H2)     0.70    -0.03         0.22
           (O1, H3)    -0.03     0.25        -0.13
       (H2, O1, H3)     0.22    -0.13         0.12

Kinetic energy distribution matrix (normalization check: 0.98)

Internal Coordinate           (O1, H2)           (O1, H3)       (H2, O1, H3)
           (O1, H2) -42367673205574.80  17406962621456.12  24960710584119.63
           (O1, H3)  17406962621456.12  -7151734442307.99 -10255228179147.98
       (H2, O1, H3)  24960710584119.63 -10255228179147.98 -14705482404971.48

Total energy distribution matrix (normalization check: 0.99)

Internal Coordinate           (O1, H2)          (O1, H3)      (H2, O1, H3)
           (O1, H2) -21183836602787.05  8703481310728.04 12480355292059.93
           (O1, H3)   8703481310728.04 -3575867221153.87 -5127614089574.05
       (H2, O1, H3)  12480355292059.93 -5127614089574.05 -7352741202485.68

----- Extended Results: Exact PED, KED and TED analysis per mode -----

Normal mode at the following harmonic frequency: 2906 cm-1

Potential energy distribution matrix (normalization check: 1.0)

Internal Coordinate (O1, H2) (O1, H3) (H2, O1, H3)
           (O1, H2)     0.00     0.00         0.00
           (O1, H3)     0.00     0.48         0.17
       (H2, O1, H3)     0.00     0.17         0.12

Kinetic energy distribution matrix (normalization check: 0.67)

Internal Coordinate          (O1, H2)           (O1, H3)       (H2, O1, H3)
           (O1, H2)   -32112829681.74  -1063915154244.19   1096027983925.93
           (O1, H3) -1063915154244.19 -35248075820431.00  36311990974675.65
       (H2, O1, H3)  1096027983925.93  36311990974675.64 -37408018958601.34

Total energy distribution matrix (normalization check: 0.83)

Internal Coordinate         (O1, H2)           (O1, H3)       (H2, O1, H3)
           (O1, H2)  -16056414840.87   -531957577122.10    548013991962.97
           (O1, H3) -531957577122.10 -17624037910215.26  18155995487337.91
       (H2, O1, H3)  548013991962.97  18155995487337.91 -18704009479300.61

----- Extended Results: Exact PED, KED and TED analysis per mode -----

Normal mode at the following harmonic frequency: 2670 cm-1

Potential energy distribution matrix (normalization check: 1.0)

Internal Coordinate (O1, H2) (O1, H3) (H2, O1, H3)
           (O1, H2)     0.00    -0.00        -0.01
           (O1, H3)    -0.00     0.60         0.20
       (H2, O1, H3)    -0.01     0.20         0.13

Kinetic energy distribution matrix (normalization check: 0.58)

Internal Coordinate          (O1, H2)           (O1, H3)       (H2, O1, H3)
           (O1, H2)   -67285430321.99   1569527591217.44  -1502242160895.44
           (O1, H3)  1569527591217.44 -36611445416996.61  35041917825779.64
       (H2, O1, H3) -1502242160895.44  35041917825779.64 -33539675664884.00

Total energy distribution matrix (normalization check: 0.79)

Internal Coordinate         (O1, H2)           (O1, H3)       (H2, O1, H3)
           (O1, H2)  -33642715161.00    784763795608.72   -751121080447.72
           (O1, H3)  784763795608.72 -18305722708498.01  17520958912889.92
       (H2, O1, H3) -751121080447.72  17520958912889.92 -16769837832441.94

