 .__   __.   ______   .___  ___.   ______    _______   _______   ______   ______      .______   ____    ____ 
 |  \ |  |  /  __  \  |   \/   |  /  __  \  |       \ |   ____| /      | /  __  \     |   _  \  \   \  /   / 
 |   \|  | |  |  |  | |  \  /  | |  |  |  | |  .--.  ||  |__   |  ,----'|  |  |  |    |  |_)  |  \   \/   /  
 |  . `  | |  |  |  | |  |\/|  | |  |  |  | |  |  |  ||   __|  |  |     |  |  |  |    |   ___/    \_    _/   
 |  |\   | |  `--'  | |  |  |  | |  `--'  | |  '--'  ||  |____ |  `----.|  `--'  |  __|  |          |  |     
 |__| \__|  \______/  |__|  |__|  \______/  |_______/ |_______| \______| \______/  (__) _|          |__|     
                                                                                                             


**************************************************************************************************************
                                  Kemal Önen, Dennis F. Dinu, Klaus R. Liedl                                  
                                      Liedl Lab, University of Innsbruck                                      
**************************************************************************************************************

Non-planar system detected. Therefore out-of-plane angles are NOT used in your analysis. Note that out-of-plane angles tend to perform worse
than the other internal coordinates in terms of computational cost and in the decomposition. However they can be
useful for planar systems.

The detected point group is D3d
The following equivalent atoms were found: [['C1', 'C2'], ['H1', 'H2', 'H3', 'H4', 'H5', 'H6']] 

The following primitive internals (bonds, (in-plane) angles, linear valence angles, out-of-plane angles and torsions) were generated:
bonds: [('C1', 'C2'), ('C2', 'H6'), ('C1', 'H2'), ('C2', 'H5'), ('C1', 'H3'), ('C1', 'H1'), ('C2', 'H4')]
in-plane angles: [('H1', 'C1', 'H2'), ('H1', 'C1', 'H3'), ('H1', 'C1', 'C2'), ('H2', 'C1', 'H3'), ('H2', 'C1', 'C2'),
 ('H3', 'C1', 'C2'), ('C1', 'C2', 'H4'), ('C1', 'C2', 'H5'), ('C1', 'C2', 'H6'), ('H4', 'C2', 'H5'),
 ('H4', 'C2', 'H6'), ('H5', 'C2', 'H6')]
linear valence-angles: []
out-of-plane angles: []
dihedrals: [('H1', 'C1', 'C2', 'H4'), ('H1', 'C1', 'C2', 'H5'), ('H1', 'C1', 'C2', 'H6'), ('H2', 'C1', 'C2', 'H4'),
 ('H2', 'C1', 'C2', 'H5'), ('H2', 'C1', 'C2', 'H6'), ('H3', 'C1', 'C2', 'H4'), ('H3', 'C1', 'C2', 'H5'),
 ('H3', 'C1', 'C2', 'H6')]

18 internal coordinates are at least needed for the decomposition scheme.


-------------------------------- Initialization of an internal coordinate set --------------------------------

The following 20 Internal Coordinates are used in your analysis:
bonds: [('C1', 'C2'), ('C2', 'H6'), ('C1', 'H2'), ('C2', 'H5'), ('C1', 'H3'), ('C1', 'H1'), ('C2', 'H4')]
in-plane angles: [('H1', 'C1', 'H2'), ('H1', 'C1', 'H3'), ('H2', 'C1', 'H3'), ('H4', 'C2', 'H5'), ('H4', 'C2', 'H6'),
 ('H5', 'C2', 'H6'), ('H1', 'C1', 'C2'), ('H2', 'C1', 'C2'), ('H3', 'C1', 'C2'), ('C1', 'C2', 'H4'),
 ('C1', 'C2', 'H5'), ('C1', 'C2', 'H6')]
linear valence-angles: []
out-of-plane angles: []
dihedrals: [('H1', 'C1', 'C2', 'H4')]


-------------------------- Results of the Decomposition Scheme ---------------------------

1.) Intrinsic Frequencies for all normal-coordinate frequencies and
    vibrational distribution matrix (exact approximation) at the following
    harmonic frequencies (all frequency values in cm-1):

Internal Coordinate Intrinsic Frequencies   329   897   873  1048  1376  1443  1459  1428  1721  1733  1610  1676  3148  3160  3206  3167  3228  3223
           (C1, C2)               1087.12  0.00 -0.00 -0.00  0.96 -0.00  0.00  0.00  0.05  0.00 -0.00 -0.00 -0.00 -0.00  0.00  0.00  0.00 -0.00  0.00
           (C2, H6)               3197.32 -0.00  0.00 -0.00  0.00 -0.00 -0.00 -0.00 -0.00 -0.00 -0.00  0.00 -0.00  0.17  0.17  0.14  0.20  0.14  0.20
           (C1, H2)               3189.15  0.00 -0.00 -0.00  0.00 -0.00  0.00 -0.00 -0.00  0.00  0.00 -0.00 -0.00  0.17  0.17  0.14  0.20  0.13  0.20
           (C2, H5)               3198.27  0.00  0.00 -0.00  0.00 -0.00 -0.00 -0.00 -0.00 -0.00  0.00  0.00  0.00  0.17  0.17  0.32  0.01  0.32  0.01
           (C1, H3)               3174.53  0.00 -0.00  0.00  0.00 -0.00 -0.00 -0.00 -0.00  0.00  0.00 -0.00 -0.00  0.17  0.17  0.04  0.29  0.04  0.29
           (C1, H1)               3203.77  0.00 -0.00  0.00  0.00  0.00 -0.00  0.00  0.00  0.00  0.00 -0.00  0.00  0.17  0.17  0.32  0.01  0.32  0.01
           (C2, H4)               3197.28  0.00  0.00  0.00  0.00 -0.00 -0.00 -0.00  0.00 -0.00 -0.00  0.00  0.00  0.17  0.17  0.04  0.30  0.04  0.30
       (H1, C1, H2)               1665.07 -0.00 -0.00  0.01 -0.00  0.13 -0.03  0.21  0.05  0.18  0.20  0.02  0.40 -0.02  0.01  0.01  0.01  0.00 -0.03
       (H1, C1, H3)               1324.00  0.00  0.06  0.00  0.00 -0.05 -0.04  0.19  0.01  0.06  0.34 -0.14  0.16 -0.02  0.00  0.01 -0.01  0.01  0.03
       (H2, C1, H3)               1512.54 -0.00 -0.01 -0.00 -0.00  0.00  0.09  0.09 -0.04  0.24  0.02  0.64  0.01 -0.02  0.00 -0.02 -0.00 -0.01  0.01
       (H4, C2, H5)               1390.70  0.00  0.02  0.00  0.00  0.08  0.03  0.12  0.15  0.05  0.13  0.02  0.19 -0.01 -0.00 -0.00  0.00  0.00  0.01
       (H4, C2, H6)               1532.53 -0.00 -0.00  0.01  0.00 -0.00 -0.00  0.13  0.12  0.31 -0.00  0.38 -0.00 -0.01 -0.00  0.01  0.00 -0.01  0.00
       (H5, C2, H6)               1346.29  0.00 -0.00  0.01  0.00 -0.01  0.03  0.11  0.13  0.02  0.27  0.02  0.24 -0.01 -0.00 -0.00 -0.01  0.00 -0.02
       (H1, C1, C2)               1383.57  0.00  0.04  0.36  0.01 -0.01  0.10  0.01  0.13  0.06  0.00  0.13  0.00  0.02 -0.01  0.04  0.01  0.00 -0.00
       (H2, C1, C2)               1405.64  0.00  0.09  0.04  0.01  0.51  0.19  0.01  0.18  0.02  0.06 -0.04 -0.00  0.02 -0.00 -0.02  0.02 -0.00 -0.01
       (H3, C1, C2)                604.29  0.00  0.32  0.11  0.01 -0.07  0.20 -0.03  0.12  0.01 -0.06 -0.03  0.00  0.02 -0.00 -0.01 -0.04 -0.00  0.01
       (C1, C2, H4)               1289.39 -0.00  0.26  0.13  0.00  0.33  0.03  0.08  0.01  0.00  0.04 -0.01  0.01  0.01  0.00  0.01  0.01 -0.00  0.01
       (C1, C2, H5)               1170.72  0.00  0.02  0.31  0.00  0.00  0.39  0.04  0.04  0.05 -0.00  0.03 -0.00  0.01  0.00 -0.02 -0.00  0.00 -0.00
       (C1, C2, H6)                787.21 -0.00  0.20  0.02  0.00  0.08  0.02  0.05  0.05  0.01  0.01 -0.02 -0.01  0.01  0.00  0.01 -0.01 -0.00 -0.01
   (H1, C1, C2, H4)                337.68  1.00 -0.00 -0.00  0.00 -0.00 -0.00  0.00  0.00  0.00  0.00 -0.00  0.00  0.00 -0.00 -0.00 -0.00 -0.00 -0.00

Check if matrix is normalized: 1.0

2.) Intrinsic Frequencies for all normal-coordinate frequencies and
    diagonal elements of the PED matrix at the following
    harmonic frequencies (all frequency values in cm-1):

Internal Coordinate Intrinsic Frequencies  329  897  873 1048 1376 1443 1459 1428 1721 1733 1610 1676 3148 3160 3206 3167 3228 3223
           (C1, C2)               1087.12 0.00 0.00 0.00 0.94 0.00 0.00 0.00 0.16 0.00 0.00 0.00 0.00 0.00 0.00 0.00 0.00 0.00 0.00
           (C2, H6)               3197.32 0.00 0.00 0.00 0.00 0.00 0.00 0.00 0.00 0.00 0.00 0.00 0.00 0.16 0.16 0.14 0.21 0.14 0.20
           (C1, H2)               3189.15 0.00 0.00 0.00 0.00 0.00 0.00 0.00 0.00 0.00 0.00 0.00 0.00 0.16 0.16 0.14 0.21 0.14 0.20
           (C2, H5)               3198.27 0.00 0.00 0.00 0.00 0.00 0.00 0.00 0.00 0.00 0.00 0.00 0.00 0.16 0.16 0.33 0.01 0.33 0.01
           (C1, H3)               3174.53 0.00 0.00 0.00 0.00 0.00 0.00 0.00 0.00 0.00 0.00 0.00 0.00 0.16 0.16 0.04 0.31 0.04 0.30
           (C1, H1)               3203.77 0.00 0.00 0.00 0.00 0.00 0.00 0.00 0.00 0.00 0.00 0.00 0.00 0.16 0.16 0.33 0.01 0.33 0.01
           (C2, H4)               3197.28 0.00 0.00 0.00 0.00 0.00 0.00 0.00 0.00 0.00 0.00 0.00 0.00 0.16 0.16 0.04 0.31 0.04 0.30
       (H1, C1, H2)               1665.07 0.00 0.12 0.09 0.02 0.43 0.14 2.04 2.11 1.08 4.12 1.38 4.60 0.00 0.00 0.00 0.01 0.00 0.01
       (H1, C1, H3)               1324.00 0.00 0.18 0.03 0.02 0.44 0.12 1.99 2.06 1.52 3.55 1.76 4.08 0.00 0.00 0.00 0.00 0.00 0.00
       (H2, C1, H3)               1512.54 0.00 0.01 0.22 0.02 0.00 0.54 2.10 2.17 5.38 0.01 6.53 0.01 0.00 0.00 0.01 0.00 0.01 0.00
       (H4, C2, H5)               1390.70 0.00 0.04 0.01 0.01 0.10 0.03 0.47 0.49 0.36 0.84 0.42 0.97 0.00 0.00 0.00 0.00 0.00 0.00
       (H4, C2, H6)               1532.53 0.00 0.00 0.05 0.01 0.00 0.13 0.50 0.52 1.29 0.00 1.56 0.00 0.00 0.00 0.00 0.00 0.00 0.00
       (H5, C2, H6)               1346.29 0.00 0.03 0.02 0.01 0.10 0.03 0.49 0.51 0.26 0.98 0.33 1.10 0.00 0.00 0.00 0.00 0.00 0.00
       (H1, C1, C2)               1383.57 0.00 0.20 7.59 0.02 0.00 3.81 1.97 2.04 0.48 0.00 0.40 0.00 0.00 0.00 0.03 0.00 0.00 0.00
       (H2, C1, C2)               1405.64 0.00 6.90 1.02 0.02 3.44 0.94 2.10 2.17 0.15 0.35 0.12 0.28 0.00 0.00 0.01 0.02 0.00 0.00
       (H3, C1, C2)                604.29 0.00 4.37 3.13 0.02 3.04 1.02 1.95 2.02 0.10 0.37 0.09 0.29 0.00 0.00 0.00 0.02 0.00 0.00
       (C1, C2, H4)               1289.39 0.00 1.07 0.77 0.01 0.75 0.25 0.48 0.50 0.02 0.09 0.02 0.07 0.00 0.00 0.00 0.01 0.00 0.00
       (C1, C2, H5)               1170.72 0.00 0.05 1.91 0.01 0.00 0.96 0.49 0.51 0.12 0.00 0.10 0.00 0.00 0.00 0.01 0.00 0.00 0.00
       (C1, C2, H6)                787.21 0.00 1.24 0.18 0.00 0.62 0.17 0.38 0.39 0.03 0.06 0.02 0.05 0.00 0.00 0.00 0.00 0.00 0.00
   (H1, C1, C2, H4)                337.68 1.00 0.00 0.01 0.00 0.02 0.01 0.00 0.00 0.01 0.03 0.02 0.01 0.00 0.00 0.00 0.00 0.00 0.00

3.) Intrinsic Frequencies for all normal-coordinate frequencies and
    contribution table calculated from the diagonal elements of the PED at the following
    harmonic frequencies (all frequency values in cm-1):

Internal Coordinate Intrinsic Frequencies    329   897   873  1048  1376  1443  1459  1428  1721  1733  1610  1676  3148  3160  3206  3167  3228  3223
           (C1, C2)               1087.12   0.00  0.00  0.00 85.29  0.00  0.00  0.00  1.00  0.00  0.00  0.00  0.00  0.00  0.44  0.00  0.00  0.00  0.00
           (C2, H6)               3197.32   0.00  0.00  0.00  0.01  0.00  0.00  0.01  0.00  0.00  0.01  0.00  0.00 16.56 16.42 12.85 18.58 13.34 19.51
           (C1, H2)               3189.15   0.00  0.00  0.00  0.01  0.00  0.00  0.01  0.00  0.00  0.01  0.00  0.00 16.56 16.41 12.85 18.58 13.34 19.51
           (C2, H5)               3198.27   0.00  0.00  0.00  0.01  0.00  0.00  0.01  0.00  0.01  0.00  0.00  0.00 16.56 16.42 30.52  0.90 31.93  0.91
           (C1, H3)               3174.53   0.00  0.00  0.00  0.01  0.00  0.00  0.01  0.00  0.00  0.01  0.00  0.00 16.56 16.41  3.76 27.68  3.99 28.86
           (C1, H1)               3203.77   0.00  0.00  0.00  0.01  0.00  0.00  0.01  0.00  0.01  0.00  0.00  0.00 16.56 16.41 30.53  0.90 31.93  0.91
           (C2, H4)               3197.28   0.00  0.00  0.00  0.01  0.00  0.00  0.01  0.00  0.00  0.01  0.00  0.00 16.56 16.41  3.76 27.68  3.99 28.86
       (H1, C1, H2)               1665.07   0.00  0.88  0.60  2.00  4.76  1.75 13.64 13.51 10.00 39.50 10.82 40.10  0.09  0.15  0.06  0.47  0.08  0.59
       (H1, C1, H3)               1324.00   0.00  1.26  0.18  1.95  4.87  1.46 13.27 13.14 14.05 34.03 13.81 35.64  0.08  0.14  0.21  0.31  0.26  0.39
       (H2, C1, H3)               1512.54   0.00  0.04  1.47  2.06  0.00  6.67 14.02 13.89 49.84  0.14 51.21  0.08  0.09  0.15  0.53  0.02  0.67  0.02
       (H4, C2, H5)               1390.70   0.00  0.30  0.04  0.46  1.15  0.35  3.14  3.11  3.33  8.06  3.27  8.44  0.02  0.03  0.05  0.07  0.06  0.09
       (H4, C2, H6)               1532.53   0.00  0.01  0.35  0.49  0.00  1.59  3.35  3.32 11.93  0.03 12.24  0.02  0.02  0.04  0.13  0.00  0.16  0.00
       (H5, C2, H6)               1346.29   0.00  0.21  0.14  0.48  1.14  0.42  3.26  3.23  2.39  9.45  2.58  9.58  0.02  0.04  0.02  0.11  0.02  0.14
       (H1, C1, C2)               1383.57   0.00  1.41 50.48  1.93  0.02 46.76 13.15 13.03  4.42  0.01  3.16  0.00  0.08  0.14  2.44  0.07  0.11  0.00
       (H2, C1, C2)               1405.64   0.00 48.55  6.80  2.06 38.47 11.54 14.02 13.89  1.40  3.40  0.96  2.48  0.09  0.15  1.09  1.58  0.05  0.07
       (H3, C1, C2)                604.29   0.00 30.71 20.82  1.92 34.06 12.50 13.06 12.93  0.91  3.57  0.68  2.52  0.08  0.14  0.30  2.19  0.01  0.10
       (C1, C2, H4)               1289.39   0.00  7.54  5.11  0.47  8.36  3.07  3.21  3.17  0.22  0.88  0.17  0.62  0.02  0.03  0.07  0.54  0.00  0.02
       (C1, C2, H5)               1170.72   0.00  0.35 12.68  0.48  0.01 11.75  3.31  3.27  1.11  0.00  0.79  0.00  0.02  0.04  0.61  0.02  0.03  0.00
       (C1, C2, H6)                787.21   0.00  8.73  1.22  0.37  6.92  2.07  2.52  2.50  0.25  0.61  0.17  0.45  0.02  0.03  0.20  0.28  0.01  0.01
   (H1, C1, C2, H4)                337.68 100.00  0.01  0.10  0.00  0.24  0.07  0.00  0.00  0.12  0.28  0.12  0.05  0.00  0.00  0.00  0.01  0.01  0.00

----- Extended Results: Exact PED, KED and TED analysis per mode -----

Normal mode at the following harmonic frequency: 329 cm-1

Potential energy distribution matrix (normalization check: 1.0)

Internal Coordinate (C1, C2) (C2, H6) (C1, H2) (C2, H5) (C1, H3) (C1, H1) (C2, H4) (H1, C1, H2) (H1, C1, H3) (H2, C1, H3) (H4, C2, H5) (H4, C2, H6) (H5, C2, H6) (H1, C1, C2) (H2, C1, C2) (H3, C1, C2) (C1, C2, H4) (C1, C2, H5) (C1, C2, H6) (H1, C1, C2, H4)
           (C1, C2)     0.00    -0.00     0.00     0.00     0.00    -0.00    -0.00        -0.00         0.00        -0.00         0.00         0.00         0.00         0.00         0.00         0.00         0.00        -0.00        -0.00            -0.00
           (C2, H6)    -0.00     0.00     0.00    -0.00    -0.00     0.00     0.00        -0.00        -0.00        -0.00         0.00         0.00         0.00         0.00         0.00         0.00        -0.00         0.00         0.00            -0.00
           (C1, H2)     0.00     0.00     0.00     0.00     0.00    -0.00    -0.00        -0.00        -0.00        -0.00         0.00         0.00         0.00         0.00         0.00         0.00        -0.00         0.00         0.00             0.00
           (C2, H5)     0.00    -0.00     0.00     0.00     0.00     0.00    -0.00         0.00         0.00         0.00        -0.00        -0.00        -0.00        -0.00        -0.00        -0.00         0.00        -0.00        -0.00             0.00
           (C1, H3)     0.00    -0.00     0.00     0.00     0.00    -0.00     0.00        -0.00        -0.00        -0.00         0.00         0.00         0.00         0.00         0.00         0.00        -0.00         0.00         0.00             0.00
           (C1, H1)    -0.00     0.00    -0.00     0.00    -0.00     0.00     0.00         0.00         0.00         0.00        -0.00        -0.00        -0.00        -0.00        -0.00        -0.00         0.00        -0.00        -0.00             0.00
           (C2, H4)    -0.00     0.00    -0.00    -0.00     0.00     0.00     0.00        -0.00        -0.00        -0.00         0.00         0.00        -0.00         0.00        -0.00        -0.00        -0.00        -0.00         0.00             0.00
       (H1, C1, H2)    -0.00    -0.00    -0.00     0.00    -0.00     0.00    -0.00         0.00         0.00         0.00        -0.00        -0.00        -0.00        -0.00        -0.00        -0.00         0.00        -0.00        -0.00            -0.00
       (H1, C1, H3)     0.00    -0.00    -0.00     0.00    -0.00     0.00    -0.00         0.00         0.00         0.00        -0.00        -0.00        -0.00        -0.00        -0.00        -0.00         0.00        -0.00        -0.00             0.00
       (H2, C1, H3)    -0.00    -0.00    -0.00     0.00    -0.00     0.00    -0.00         0.00         0.00         0.00        -0.00        -0.00        -0.00        -0.00        -0.00        -0.00         0.00        -0.00        -0.00            -0.00
       (H4, C2, H5)     0.00     0.00     0.00    -0.00     0.00    -0.00     0.00        -0.00        -0.00        -0.00         0.00         0.00         0.00         0.00         0.00         0.00        -0.00         0.00         0.00             0.00
       (H4, C2, H6)     0.00     0.00     0.00    -0.00     0.00    -0.00     0.00        -0.00        -0.00        -0.00         0.00         0.00         0.00         0.00         0.00         0.00        -0.00         0.00         0.00            -0.00
       (H5, C2, H6)     0.00     0.00     0.00    -0.00     0.00    -0.00    -0.00        -0.00        -0.00        -0.00         0.00         0.00         0.00         0.00         0.00         0.00        -0.00         0.00         0.00             0.00
       (H1, C1, C2)     0.00     0.00     0.00    -0.00     0.00    -0.00     0.00        -0.00        -0.00        -0.00         0.00         0.00         0.00         0.00         0.00         0.00        -0.00         0.00         0.00             0.00
       (H2, C1, C2)     0.00     0.00     0.00    -0.00     0.00    -0.00    -0.00        -0.00        -0.00        -0.00         0.00         0.00         0.00         0.00         0.00         0.00        -0.00         0.00         0.00             0.00
       (H3, C1, C2)     0.00     0.00     0.00    -0.00     0.00    -0.00    -0.00        -0.00        -0.00        -0.00         0.00         0.00         0.00         0.00         0.00         0.00        -0.00         0.00         0.00             0.00
       (C1, C2, H4)     0.00    -0.00    -0.00     0.00    -0.00     0.00    -0.00         0.00         0.00         0.00        -0.00        -0.00        -0.00        -0.00        -0.00        -0.00         0.00        -0.00        -0.00            -0.00
       (C1, C2, H5)    -0.00     0.00     0.00    -0.00     0.00    -0.00    -0.00        -0.00        -0.00        -0.00         0.00         0.00         0.00         0.00         0.00         0.00        -0.00         0.00         0.00             0.00
       (C1, C2, H6)    -0.00     0.00     0.00    -0.00     0.00    -0.00     0.00        -0.00        -0.00        -0.00         0.00         0.00         0.00         0.00         0.00         0.00        -0.00         0.00         0.00            -0.00
   (H1, C1, C2, H4)    -0.00    -0.00     0.00     0.00     0.00     0.00     0.00        -0.00         0.00        -0.00         0.00        -0.00         0.00         0.00         0.00         0.00        -0.00         0.00        -0.00             1.00

Kinetic energy distribution matrix (normalization check: 1.0)

Internal Coordinate (C1, C2) (C2, H6) (C1, H2) (C2, H5) (C1, H3) (C1, H1) (C2, H4) (H1, C1, H2) (H1, C1, H3) (H2, C1, H3) (H4, C2, H5) (H4, C2, H6) (H5, C2, H6) (H1, C1, C2) (H2, C1, C2) (H3, C1, C2) (C1, C2, H4) (C1, C2, H5) (C1, C2, H6) (H1, C1, C2, H4)
           (C1, C2)     0.00    -0.00     0.00     0.00     0.00    -0.00    -0.00         0.00         0.00         0.00         0.00         0.00         0.00         0.00         0.00         0.00         0.00        -0.00        -0.00             0.00
           (C2, H6)    -0.00     0.00     0.00     0.00    -0.00     0.00    -0.00        -0.00        -0.00        -0.00         0.00         0.00         0.00         0.00         0.00         0.00        -0.00         0.00         0.00            -0.00
           (C1, H2)     0.00     0.00     0.00     0.00    -0.00     0.00    -0.00        -0.00        -0.00        -0.00         0.00         0.00         0.00         0.00         0.00         0.00        -0.00         0.00         0.00             0.00
           (C2, H5)     0.00     0.00     0.00     0.00     0.00     0.00     0.00         0.00         0.00         0.00        -0.00        -0.00        -0.00        -0.00        -0.00        -0.00         0.00        -0.00        -0.00             0.00
           (C1, H3)     0.00    -0.00    -0.00     0.00     0.00     0.00     0.00         0.00         0.00         0.00        -0.00        -0.00        -0.00        -0.00        -0.00        -0.00         0.00        -0.00        -0.00             0.00
           (C1, H1)    -0.00     0.00     0.00     0.00     0.00     0.00     0.00         0.00         0.00         0.00        -0.00        -0.00        -0.00        -0.00        -0.00        -0.00         0.00        -0.00        -0.00             0.00
           (C2, H4)    -0.00    -0.00    -0.00     0.00     0.00     0.00     0.00        -0.00         0.00         0.00         0.00        -0.00         0.00         0.00         0.00        -0.00        -0.00         0.00        -0.00             0.00
       (H1, C1, H2)     0.00    -0.00    -0.00     0.00     0.00     0.00    -0.00       270.20       135.30        71.57        -8.75      -202.19       -52.20       -37.50      -281.93      -157.64       528.09       -98.62      -166.33            -0.00
       (H1, C1, H3)     0.00    -0.00    -0.00     0.00     0.00     0.00     0.00       135.30        67.75        35.84        -4.38      -101.24       -26.14       -18.78      -141.17       -78.94       264.43       -49.38       -83.29             0.00
       (H2, C1, H3)     0.00    -0.00    -0.00     0.00     0.00     0.00     0.00        71.57        35.84        18.96        -2.32       -53.56       -13.83        -9.93       -74.68       -41.76       139.89       -26.12       -44.06             0.00
       (H4, C2, H5)     0.00     0.00     0.00    -0.00    -0.00    -0.00     0.00        -8.75        -4.38        -2.32         0.28         6.54         1.69         1.21         9.12         5.10       -17.09         3.19         5.38             0.00
       (H4, C2, H6)     0.00     0.00     0.00    -0.00    -0.00    -0.00    -0.00      -202.19      -101.24       -53.56         6.54       151.29        39.06        28.06       210.96       117.96      -395.15        73.80       124.46            -0.00
       (H5, C2, H6)     0.00     0.00     0.00    -0.00    -0.00    -0.00     0.00       -52.20       -26.14       -13.83         1.69        39.06        10.08         7.24        54.47        30.45      -102.02        19.05        32.13             0.00
       (H1, C1, C2)     0.00     0.00     0.00    -0.00    -0.00    -0.00     0.00       -37.50       -18.78        -9.93         1.21        28.06         7.24         5.20        39.13        21.88       -73.29        13.69        23.08             0.00
       (H2, C1, C2)     0.00     0.00     0.00    -0.00    -0.00    -0.00     0.00      -281.93      -141.17       -74.68         9.12       210.96        54.47        39.13       294.17       164.49      -551.01       102.90       173.55             0.00
       (H3, C1, C2)     0.00     0.00     0.00    -0.00    -0.00    -0.00    -0.00      -157.64       -78.94       -41.76         5.10       117.96        30.45        21.88       164.49        91.97      -308.10        57.54        97.04            -0.00
       (C1, C2, H4)     0.00    -0.00    -0.00     0.00     0.00     0.00    -0.00       528.09       264.43       139.89       -17.09      -395.15      -102.02       -73.29      -551.01      -308.10      1032.10      -192.75      -325.08             0.00
       (C1, C2, H5)    -0.00     0.00     0.00    -0.00    -0.00    -0.00     0.00       -98.62       -49.38       -26.12         3.19        73.80        19.05        13.69       102.90        57.54      -192.75        36.00        60.71             0.00
       (C1, C2, H6)    -0.00     0.00     0.00    -0.00    -0.00    -0.00    -0.00      -166.33       -83.29       -44.06         5.38       124.46        32.13        23.08       173.55        97.04      -325.08        60.71       102.39            -0.00
   (H1, C1, C2, H4)     0.00    -0.00     0.00     0.00     0.00     0.00     0.00        -0.00         0.00         0.00         0.00        -0.00         0.00         0.00         0.00        -0.00         0.00         0.00        -0.00             1.00

Total energy distribution matrix (normalization check: 1.0)

Internal Coordinate (C1, C2) (C2, H6) (C1, H2) (C2, H5) (C1, H3) (C1, H1) (C2, H4) (H1, C1, H2) (H1, C1, H3) (H2, C1, H3) (H4, C2, H5) (H4, C2, H6) (H5, C2, H6) (H1, C1, C2) (H2, C1, C2) (H3, C1, C2) (C1, C2, H4) (C1, C2, H5) (C1, C2, H6) (H1, C1, C2, H4)
           (C1, C2)     0.00    -0.00     0.00     0.00     0.00    -0.00    -0.00        -0.00         0.00        -0.00         0.00         0.00         0.00         0.00         0.00         0.00         0.00        -0.00        -0.00            -0.00
           (C2, H6)    -0.00     0.00     0.00    -0.00    -0.00     0.00     0.00        -0.00        -0.00        -0.00         0.00         0.00         0.00         0.00         0.00         0.00        -0.00         0.00         0.00            -0.00
           (C1, H2)     0.00     0.00     0.00     0.00     0.00    -0.00    -0.00        -0.00        -0.00        -0.00         0.00         0.00         0.00         0.00         0.00         0.00        -0.00         0.00         0.00             0.00
           (C2, H5)     0.00    -0.00     0.00     0.00     0.00     0.00    -0.00         0.00         0.00         0.00        -0.00        -0.00        -0.00        -0.00        -0.00        -0.00         0.00        -0.00        -0.00             0.00
           (C1, H3)     0.00    -0.00     0.00     0.00     0.00    -0.00     0.00        -0.00        -0.00        -0.00         0.00         0.00         0.00         0.00         0.00         0.00        -0.00         0.00         0.00             0.00
           (C1, H1)    -0.00     0.00    -0.00     0.00    -0.00     0.00     0.00         0.00         0.00         0.00        -0.00        -0.00        -0.00        -0.00        -0.00        -0.00         0.00        -0.00        -0.00             0.00
           (C2, H4)    -0.00     0.00    -0.00    -0.00     0.00     0.00     0.00        -0.00        -0.00        -0.00         0.00         0.00        -0.00         0.00        -0.00        -0.00        -0.00        -0.00         0.00             0.00
       (H1, C1, H2)    -0.00    -0.00    -0.00     0.00    -0.00     0.00    -0.00       135.10        67.65        35.79        -4.37      -101.09       -26.10       -18.75      -140.97       -78.82       264.04       -49.31       -83.17            -0.00
       (H1, C1, H3)     0.00    -0.00    -0.00     0.00    -0.00     0.00    -0.00        67.65        33.87        17.92        -2.19       -50.62       -13.07        -9.39       -70.59       -39.47       132.21       -24.69       -41.64             0.00
       (H2, C1, H3)    -0.00    -0.00    -0.00     0.00    -0.00     0.00    -0.00        35.79        17.92         9.48        -1.16       -26.78        -6.91        -4.97       -37.34       -20.88        69.94       -13.06       -22.03            -0.00
       (H4, C2, H5)     0.00     0.00     0.00    -0.00     0.00    -0.00     0.00        -4.37        -2.19        -1.16         0.14         3.27         0.84         0.61         4.56         2.55        -8.55         1.60         2.69             0.00
       (H4, C2, H6)     0.00     0.00     0.00    -0.00     0.00    -0.00     0.00      -101.09       -50.62       -26.78         3.27        75.65        19.53        14.03       105.48        58.98      -197.58        36.90        62.23            -0.00
       (H5, C2, H6)     0.00     0.00     0.00    -0.00     0.00    -0.00    -0.00       -26.10       -13.07        -6.91         0.84        19.53         5.04         3.62        27.23        15.23       -51.01         9.53        16.07             0.00
       (H1, C1, C2)     0.00     0.00     0.00    -0.00     0.00    -0.00     0.00       -18.75        -9.39        -4.97         0.61        14.03         3.62         2.60        19.56        10.94       -36.64         6.84        11.54             0.00
       (H2, C1, C2)     0.00     0.00     0.00    -0.00     0.00    -0.00    -0.00      -140.97       -70.59       -37.34         4.56       105.48        27.23        19.56       147.09        82.24      -275.51        51.45        86.78             0.00
       (H3, C1, C2)     0.00     0.00     0.00    -0.00     0.00    -0.00    -0.00       -78.82       -39.47       -20.88         2.55        58.98        15.23        10.94        82.24        45.99      -154.05        28.77        48.52            -0.00
       (C1, C2, H4)     0.00    -0.00    -0.00     0.00    -0.00     0.00    -0.00       264.04       132.21        69.94        -8.55      -197.58       -51.01       -36.64      -275.51      -154.05       516.05       -96.38      -162.54             0.00
       (C1, C2, H5)    -0.00     0.00     0.00    -0.00     0.00    -0.00    -0.00       -49.31       -24.69       -13.06         1.60        36.90         9.53         6.84        51.45        28.77       -96.38        18.00        30.36             0.00
       (C1, C2, H6)    -0.00     0.00     0.00    -0.00     0.00    -0.00     0.00       -83.17       -41.64       -22.03         2.69        62.23        16.07        11.54        86.78        48.52      -162.54        30.36        51.20            -0.00
   (H1, C1, C2, H4)    -0.00    -0.00     0.00     0.00     0.00     0.00     0.00        -0.00         0.00        -0.00         0.00        -0.00         0.00         0.00         0.00        -0.00         0.00         0.00        -0.00             1.00

----- Extended Results: Exact PED, KED and TED analysis per mode -----

Normal mode at the following harmonic frequency: 897 cm-1

Potential energy distribution matrix (normalization check: 1.0)

Internal Coordinate (C1, C2) (C2, H6) (C1, H2) (C2, H5) (C1, H3) (C1, H1) (C2, H4) (H1, C1, H2) (H1, C1, H3) (H2, C1, H3) (H4, C2, H5) (H4, C2, H6) (H5, C2, H6) (H1, C1, C2) (H2, C1, C2) (H3, C1, C2) (C1, C2, H4) (C1, C2, H5) (C1, C2, H6) (H1, C1, C2, H4)
           (C1, C2)     0.00     0.00    -0.00    -0.00     0.00     0.00    -0.00         0.00         0.00         0.00        -0.00         0.00         0.00        -0.00         0.00        -0.00         0.00         0.00        -0.00             0.00
           (C2, H6)     0.00     0.00     0.00    -0.00     0.00     0.00    -0.00        -0.00         0.00        -0.00         0.00        -0.00        -0.00         0.00        -0.02         0.02         0.01         0.00        -0.01            -0.00
           (C1, H2)    -0.00     0.00     0.00     0.00    -0.00    -0.00     0.00        -0.00         0.00        -0.00         0.00        -0.00        -0.00         0.00        -0.02         0.01         0.01         0.00        -0.01             0.00
           (C2, H5)    -0.00    -0.00     0.00     0.00    -0.00     0.00     0.00         0.00        -0.00         0.00        -0.00         0.00         0.00        -0.00         0.00        -0.00        -0.00        -0.00         0.00             0.00
           (C1, H3)     0.00     0.00    -0.00    -0.00     0.00     0.00     0.00         0.00        -0.00         0.00        -0.00         0.00         0.00        -0.00         0.00        -0.01        -0.00        -0.00         0.00            -0.00
           (C1, H1)     0.00     0.00    -0.00     0.00     0.00     0.00    -0.00         0.00        -0.00         0.00        -0.00         0.00         0.00        -0.00         0.00        -0.00        -0.00        -0.00         0.00             0.00
           (C2, H4)    -0.00    -0.00     0.00     0.00     0.00    -0.00     0.00         0.00        -0.00         0.00        -0.00         0.00        -0.00        -0.00        -0.00         0.00        -0.00         0.00         0.00            -0.00
       (H1, C1, H2)     0.00    -0.00    -0.00     0.00     0.00     0.00     0.00         0.12        -0.14         0.02        -0.06         0.01         0.05        -0.15         0.87        -0.69        -0.32        -0.07         0.34            -0.00
       (H1, C1, H3)     0.00     0.00     0.00    -0.00    -0.00    -0.00    -0.00        -0.14         0.18        -0.03         0.08        -0.01        -0.07         0.18        -1.04         0.85         0.39         0.08        -0.40            -0.00
       (H2, C1, H3)     0.00    -0.00    -0.00     0.00     0.00     0.00     0.00         0.02        -0.03         0.01        -0.01         0.00         0.01        -0.03         0.19        -0.15        -0.07        -0.02         0.07            -0.00
       (H4, C2, H5)    -0.00     0.00     0.00    -0.00    -0.00    -0.00    -0.00        -0.06         0.08        -0.01         0.04        -0.01        -0.03         0.08        -0.48         0.38         0.17         0.04        -0.17             0.00
       (H4, C2, H6)     0.00    -0.00    -0.00     0.00     0.00     0.00     0.00         0.01        -0.01         0.00        -0.01         0.00         0.01        -0.01         0.09        -0.07        -0.03        -0.01         0.03             0.00
       (H5, C2, H6)     0.00    -0.00    -0.00     0.00     0.00     0.00    -0.00         0.05        -0.07         0.01        -0.03         0.01         0.03        -0.07         0.40        -0.33        -0.14        -0.03         0.15            -0.00
       (H1, C1, C2)    -0.00     0.00     0.00    -0.00    -0.00    -0.00    -0.00        -0.15         0.18        -0.03         0.08        -0.01        -0.07         0.20        -1.10         0.88         0.42         0.09        -0.44             0.00
       (H2, C1, C2)     0.00    -0.02    -0.02     0.00     0.00     0.00    -0.00         0.87        -1.04         0.19        -0.48         0.09         0.40        -1.10         6.90        -5.22        -2.43        -0.53         2.49            -0.00
       (H3, C1, C2)    -0.00     0.02     0.01    -0.00    -0.01    -0.00     0.00        -0.69         0.85        -0.15         0.38        -0.07        -0.33         0.88        -5.22         4.37         1.89         0.42        -2.03             0.00
       (C1, C2, H4)     0.00     0.01     0.01    -0.00    -0.00    -0.00    -0.00        -0.32         0.39        -0.07         0.17        -0.03        -0.14         0.42        -2.43         1.89         1.07         0.18        -0.87             0.00
       (C1, C2, H5)     0.00     0.00     0.00    -0.00    -0.00    -0.00     0.00        -0.07         0.08        -0.02         0.04        -0.01        -0.03         0.09        -0.53         0.42         0.18         0.05        -0.19             0.00
       (C1, C2, H6)    -0.00    -0.01    -0.01     0.00     0.00     0.00     0.00         0.34        -0.40         0.07        -0.17         0.03         0.15        -0.44         2.49        -2.03        -0.87        -0.19         1.24             0.00
   (H1, C1, C2, H4)     0.00    -0.00     0.00     0.00    -0.00     0.00    -0.00        -0.00        -0.00        -0.00         0.00         0.00        -0.00         0.00        -0.00         0.00         0.00         0.00         0.00             0.00

Kinetic energy distribution matrix (normalization check: 0.95)

Internal Coordinate (C1, C2) (C2, H6) (C1, H2) (C2, H5) (C1, H3) (C1, H1) (C2, H4)       (H1, C1, H2)       (H1, C1, H3)      (H2, C1, H3)       (H4, C2, H5)      (H4, C2, H6)       (H5, C2, H6)       (H1, C1, C2)        (H2, C1, C2)        (H3, C1, C2)        (C1, C2, H4)       (C1, C2, H5)        (C1, C2, H6) (H1, C1, C2, H4)
           (C1, C2)     0.00     0.00    -0.00    -0.00     0.00     0.00    -0.00              -0.00               0.00             -0.00              -0.00              0.00               0.00              -0.00                0.00               -0.00                0.00               0.00               -0.00            -0.00
           (C2, H6)     0.00     0.00     0.00     0.00     0.00     0.00     0.00              -0.00               0.00             -0.00               0.00             -0.00              -0.00               0.00               -0.00                0.00                0.00               0.00               -0.00            -0.00
           (C1, H2)    -0.00     0.00     0.00     0.00     0.00     0.00     0.00              -0.00               0.00             -0.00               0.00             -0.00              -0.00               0.00               -0.00                0.00                0.00               0.00               -0.00             0.00
           (C2, H5)    -0.00     0.00     0.00     0.00    -0.00     0.00    -0.00               0.00              -0.00              0.00              -0.00              0.00               0.00              -0.00                0.00               -0.00               -0.00              -0.00                0.00             0.00
           (C1, H3)     0.00     0.00     0.00    -0.00     0.00    -0.00     0.00              -0.00               0.00             -0.00               0.00             -0.00              -0.00               0.00               -0.00                0.00                0.00               0.00               -0.00            -0.00
           (C1, H1)     0.00     0.00     0.00     0.00    -0.00     0.00    -0.00               0.00              -0.00              0.00              -0.00              0.00               0.00              -0.00                0.00               -0.00               -0.00              -0.00                0.00             0.00
           (C2, H4)    -0.00     0.00     0.00    -0.00     0.00    -0.00     0.00               0.00               0.00             -0.00              -0.00             -0.00               0.00              -0.00                0.00                0.00               -0.00              -0.00               -0.00            -0.00
       (H1, C1, H2)    -0.00    -0.00    -0.00     0.00    -0.00     0.00     0.00   5241328655888.85  -6359263552040.04  1117741699409.82  -2825308072148.86   496712680311.58   2328692136589.09  -6755639441762.28   38431472703141.55  -31675640064637.90  -14073350202075.48  -3001396914055.94   17074650371379.58            -0.00
       (H1, C1, H3)     0.00     0.00     0.00    -0.00     0.00    -0.00     0.00  -6359263552040.04   7715645321891.56 -1356147365738.26   3427924449331.04  -602657656316.32  -2825384172674.42   8196565125610.79  -46628608823780.04   38431809294056.03   17075087038207.66   3641571680363.29  -20716541338911.20            -0.00
       (H2, C1, H3)    -0.00    -0.00    -0.00     0.00    -0.00     0.00    -0.00   1117741699409.82  -1356147365738.26   238364466077.86   -602512235589.70   105926667045.79    496606199885.77  -1440676669216.58    8195719526530.37   -6755001657063.21   -3001218088772.90   -640064134034.23    3641261591465.25             0.00
       (H4, C2, H5)    -0.00     0.00     0.00    -0.00     0.00    -0.00    -0.00  -2825308072148.86   3427924449331.04  -602512235589.70   1522966069601.65  -267750114018.56  -1255268105285.22   3641588593360.47  -20716264363761.98   17074571628809.03    7586158498843.23   1617885747247.97   -9203992096389.03             0.00
       (H4, C2, H6)     0.00    -0.00    -0.00     0.00    -0.00     0.00    -0.00    496712680311.58   -602657656316.32   105926667045.79   -267750114018.56    47072699115.16    220686583255.20   -640221591631.39    3642091741995.81   -3001851841405.47   -1333709820311.00   -284437783573.18    1618138435532.39             0.00
       (H5, C2, H6)     0.00    -0.00    -0.00     0.00    -0.00     0.00     0.00   2328692136589.09  -2825384172674.42   496606199885.77  -1255268105285.22   220686583255.20   1034624505166.09  -3001491697718.21   17074881992143.82  -14073304458226.06   -6252708445255.83  -1333503363635.10    7586168825754.85            -0.00
       (H1, C1, C2)    -0.00     0.00     0.00    -0.00     0.00    -0.00    -0.00  -6755639441762.28   8196565125610.79 -1440676669216.58   3641588593360.47  -640221591631.39  -3001491697718.21   8707460887005.68  -49534991954120.16   40827282052482.57   18139385248443.49   3868552556840.45  -22007813109294.77             0.00
