
$orca_hessian_file

$act_atom
  0

$act_coord
  0

$act_energy
        0.000000

$multiplicity
  1

$hessian
9
                    0                  1                  2                  3                  4        
    0      8.0325075803E-01  -1.2329811239E-16  -2.3953061756E-14  -4.0162537901E-01   1.0514672927E-16
    1     -1.2329811239E-16   8.3670122891E-06  -1.7560914936E-16   1.1004665865E-16  -4.1835061463E-06
    2     -2.3953061756E-14  -1.7560914936E-16   5.3656745778E-01  -2.4067479376E-01   1.2841730878E-16
    3     -4.0162537901E-01   1.1004665865E-16  -2.4067479376E-01   4.3540309360E-01  -3.9990918661E-17
    4      1.0514672927E-16  -4.1835061463E-06   1.2841730878E-16  -3.9990918661E-17   7.7852585607E-08
    5     -3.0562044066E-01   4.0898973061E-17  -2.6828372889E-01   2.7314761721E-01  -9.1086774953E-17
    6     -4.0162537901E-01   1.3130276898E-17   2.4067479376E-01  -3.3777714589E-02  -6.4630107704E-17
    7      1.8272559971E-17  -4.1835061428E-06   4.7943882282E-17  -7.0581442894E-17   4.1056535607E-06
    8      3.0562044066E-01   1.3395813459E-16  -2.6828372889E-01  -3.2476510609E-02  -3.6948086483E-17
                    5                  6                  7                  8        
     0     -3.0562044066E-01  -4.0162537901E-01   1.8272559971E-17   3.0562044066E-01
     1      4.0898973061E-17   1.3130276898E-17  -4.1835061428E-06   1.3395813459E-16
     2     -2.6828372889E-01   2.4067479376E-01   4.7943882282E-17  -2.6828372889E-01
     3      2.7314761721E-01  -3.3777714589E-02  -7.0581442894E-17  -3.2476510609E-02
     4     -9.1086774953E-17  -6.4630107704E-17   4.1056535607E-06  -3.6948086483E-17
     5      2.5042639771E-01   3.2476510609E-02   4.9805354545E-17   1.7857331178E-02
     6      3.2476510609E-02   4.3540309360E-01   5.1904356865E-17  -2.7314761721E-01
     7      4.9805354545E-17   5.1904356865E-17   7.7852582055E-08  -9.7379642467E-17
     8      1.7857331178E-02  -2.7314761721E-01  -9.7379642467E-17   2.5042639771E-01

$vibrational_frequencies
9
    0        0.0000000000000000
    1        0.0000000000000000
    2        0.0000000000000000
    3        0.0000000000000000
    4        0.0000000000000000
    5        0.0000000000000000
    6     1750.7854169356780858
    7     4141.5918324629728886
    8     4236.9063457561978794

$normal_modes
9 9
                    0                  1                  2                  3                  4        
    0      0.0000000000E+00   0.0000000000E+00   0.0000000000E+00   0.0000000000E+00   0.0000000000E+00
    1      0.0000000000E+00   0.0000000000E+00   0.0000000000E+00   0.0000000000E+00   0.0000000000E+00
    2      0.0000000000E+00   0.0000000000E+00   0.0000000000E+00   0.0000000000E+00   0.0000000000E+00
    3      0.0000000000E+00   0.0000000000E+00   0.0000000000E+00   0.0000000000E+00   0.0000000000E+00
    4      0.0000000000E+00   0.0000000000E+00   0.0000000000E+00   0.0000000000E+00   0.0000000000E+00
    5      0.0000000000E+00   0.0000000000E+00   0.0000000000E+00   0.0000000000E+00   0.0000000000E+00
    6      0.0000000000E+00   0.0000000000E+00   0.0000000000E+00   0.0000000000E+00   0.0000000000E+00
    7      0.0000000000E+00   0.0000000000E+00   0.0000000000E+00   0.0000000000E+00   0.0000000000E+00
    8      0.0000000000E+00   0.0000000000E+00   0.0000000000E+00   0.0000000000E+00   0.0000000000E+00
                    5                  6                  7                  8        
     0      0.0000000000E+00  -7.0168186489E-16  -5.8240206495E-14   7.0728662340E-02
     1      0.0000000000E+00  -4.1021699614E-17  -5.4020146713E-17   4.4958830680E-17
     2      0.0000000000E+00  -7.0444538149E-02  -5.0202044662E-02  -4.3091873955E-14
     3      0.0000000000E+00  -4.3009689834E-01   5.8310728940E-01  -5.6130350634E-01
     4      0.0000000000E+00   5.3381884997E-17   2.2195202222E-17   1.8011791892E-17
     5      0.0000000000E+00   5.5904869337E-01   3.9840402408E-01  -4.2712656430E-01
     6      0.0000000000E+00   4.3009689834E-01  -5.8310728940E-01  -5.6130350634E-01
     7      0.0000000000E+00   7.6309973398E-18  -1.6333953230E-17   2.7653472924E-17
     8      0.0000000000E+00   5.5904869337E-01   3.9840402408E-01   4.2712656431E-01

#
# The atoms: label  mass x y z (in bohrs)
#
$atoms
3
 O     15.99900      0.000000000000     0.000000000000     0.120502013095
 H      1.00800     -1.415074202845     0.000000000000    -0.956305410470
 H      1.00800      1.415074202845     0.000000000000    -0.956305410470

$actual_temperature
  0.000000

$frequency_scale_factor
  1.000000

$dipole_derivatives
9
   -5.2864564884E-01    3.6465537903E-16    1.1973688709E-14
    5.0142307264E-16   -7.8102855718E-01    9.0900510397E-17
    2.0945266627E-14    4.6637774894E-16   -4.1417355768E-01
    2.6422685920E-01   -7.3976054851E-16   -4.0915180917E-02
   -3.2280429814E-16    3.9053221075E-01   -2.0987806870E-16
   -9.6031358890E-02   -7.9182001563E-16    2.0716369335E-01
    2.6422685920E-01    3.7803757227E-16    4.0915180917E-02
   -1.7840846721E-16    3.9053221075E-01    1.0709939771E-16
    9.6031358890E-02    3.2573457958E-16    2.0716369335E-01

#
# The IR spectrum
#  wavenumber eps Int TX TY TZ
#
$ir_spectrum
9
      0.00   0.00000000   0.00000000     0.000000     0.000000     0.000000
      0.00   0.00000000   0.00000000     0.000000     0.000000     0.000000
      0.00   0.00000000   0.00000000     0.000000     0.000000     0.000000
      0.00   0.00000000   0.00000000     0.000000     0.000000     0.000000
      0.00   0.00000000   0.00000000     0.000000     0.000000     0.000000
      0.00   0.00000000   0.00000000     0.000000     0.000000     0.000000
   1750.79   0.01561534  78.91352196    -0.000000     0.000000     0.052757
   4141.59   0.00352037  17.79050328     0.000000    -0.000000     0.016287
   4236.91   0.01130971  57.15465363    -0.028862     0.000000     0.000000


$end

