
$orca_hessian_file

$act_atom
  0

$act_coord
  0

$act_energy
        0.000000

$multiplicity
  1

$hessian
9
                    0                  1                  2                  3                  4        
    0      8.3870707406E-01  -5.6973327433E-16   1.9470536294E-14  -4.1935353703E-01   3.5639022698E-16
    1     -5.6973327433E-16   1.2305954392E-05   6.7893339488E-17   2.8305502623E-16  -6.1529771934E-06
    2      1.9470536294E-14   6.7893339488E-17   4.4054588626E-01  -2.0823240851E-01   3.6483547668E-16
    3     -4.1935353703E-01   2.8305502623E-16  -2.0823240851E-01   4.5081904282E-01  -2.6194920615E-16
    4      3.5639022698E-16  -6.1529771934E-06   3.6483547668E-16  -2.6194920615E-16  -1.2964971167E-06
    5     -2.8349227437E-01   4.2086386122E-17  -2.2027294313E-01   2.4586234144E-01  -2.7255617575E-16
    6     -4.1935353703E-01   2.8661131089E-16   2.0823240851E-01  -3.1465505785E-02  -1.0713453886E-16
    7      2.1340998455E-16  -6.1529771990E-06  -4.5274681756E-16  -8.4123020575E-18   7.4494743101E-06
    8      2.8349227437E-01  -8.9961724214E-17  -2.2027294313E-01  -3.7630701248E-02  -1.0217661018E-16
                    5                  6                  7                  8        
     0     -2.8349227437E-01  -4.1935353703E-01   2.1340998455E-16   2.8349227437E-01
     1      4.2086386122E-17   2.8661131089E-16  -6.1529771990E-06  -8.9961724214E-17
     2     -2.2027294313E-01   2.0823240851E-01  -4.5274681756E-16  -2.2027294313E-01
     3      2.4586234144E-01  -3.1465505785E-02  -8.4123020575E-18  -3.7630701248E-02
     4     -2.7255617575E-16  -1.0713453886E-16   7.4494743101E-06  -1.0217661018E-16
     5      2.0595599453E-01   3.7630701248E-02   2.4036709889E-16   1.4316948597E-02
     6      3.7630701248E-02   4.5081904282E-01  -1.9223722726E-16  -2.4586234144E-01
     7      2.4036709889E-16  -1.9223722726E-16  -1.2964971111E-06   2.0225902654E-16
     8      1.4316948597E-02  -2.4586234144E-01   2.0225902654E-16   2.0595599453E-01

$vibrational_frequencies
9
    0        0.0000000000000000
    1        0.0000000000000000
    2        0.0000000000000000
    3        0.0000000000000000
    4        0.0000000000000000
    5        0.0000000000000000
    6     1736.7938775072805129
    7     4015.9607888522577923
    8     4171.5559979887993904

$normal_modes
9 9
                    0                  1                  2                  3                  4        
    0      0.0000000000E+00   0.0000000000E+00   0.0000000000E+00   0.0000000000E+00   0.0000000000E+00
    1      0.0000000000E+00   0.0000000000E+00   0.0000000000E+00   0.0000000000E+00   0.0000000000E+00
    2      0.0000000000E+00   0.0000000000E+00   0.0000000000E+00   0.0000000000E+00   0.0000000000E+00
    3      0.0000000000E+00   0.0000000000E+00   0.0000000000E+00   0.0000000000E+00   0.0000000000E+00
    4      0.0000000000E+00   0.0000000000E+00   0.0000000000E+00   0.0000000000E+00   0.0000000000E+00
    5      0.0000000000E+00   0.0000000000E+00   0.0000000000E+00   0.0000000000E+00   0.0000000000E+00
    6      0.0000000000E+00   0.0000000000E+00   0.0000000000E+00   0.0000000000E+00   0.0000000000E+00
    7      0.0000000000E+00   0.0000000000E+00   0.0000000000E+00   0.0000000000E+00   0.0000000000E+00
    8      0.0000000000E+00   0.0000000000E+00   0.0000000000E+00   0.0000000000E+00   0.0000000000E+00
                    5                  6                  7                  8        
     0      0.0000000000E+00   7.8289050478E-16   2.9967717054E-14   7.3616388195E-02
     1      0.0000000000E+00  -1.3393972632E-17  -9.9236350973E-18   4.6551131267E-20
     2      0.0000000000E+00  -7.4887060253E-02  -4.3908511178E-02   1.9317533585E-14
     3      0.0000000000E+00  -3.7947068994E-01   6.1450200797E-01  -5.8422053310E-01
     4      0.0000000000E+00  -4.9706551068E-17  -4.3549770794E-17  -4.4722283611E-18
     5      0.0000000000E+00   5.9430460168E-01   3.4845846743E-01  -3.9493883375E-01
     6      0.0000000000E+00   3.7947068994E-01  -6.1450200797E-01  -5.8422053310E-01
     7      0.0000000000E+00   2.2918605804E-17   2.3702500599E-17   4.5653306236E-18
     8      0.0000000000E+00   5.9430460168E-01   3.4845846743E-01   3.9493883375E-01

#
# The atoms: label  mass x y z (in bohrs)
#
$atoms
3
 O     15.99900     -0.000000000000     0.000000000000     0.111974608821
 H      1.00800     -1.480165474654     0.000000000000    -0.888631828638
 H      1.00800      1.480165474654     0.000000000000    -0.888631828638

$actual_temperature
  0.000000

$frequency_scale_factor
  1.000000

$dipole_derivatives
9
   -5.2261513335E-01    1.0780406356E-15    9.4532976596E-15
    5.5654263252E-15   -9.7828288602E-01   -1.7837159257E-15
   -9.7002305560E-15   -1.5243694701E-16   -4.2926504286E-01
    2.6124349353E-01    3.0580875746E-17   -1.2919263142E-01
   -1.9032862014E-15    4.8915846582E-01   -1.2294879771E-15
   -1.5410728694E-01   -1.7289805582E-16    2.1466315454E-01
    2.6124349353E-01   -1.1106047123E-15    1.2919263142E-01
   -3.6599778513E-15    4.8915846582E-01    3.1848228451E-15
    1.5410728694E-01    3.2572247630E-16    2.1466315454E-01

#
# The IR spectrum
#  wavenumber eps Int TX TY TZ
#
$ir_spectrum
9
      0.00   0.00000000   0.00000000     0.000000     0.000000     0.000000
      0.00   0.00000000   0.00000000     0.000000     0.000000     0.000000
      0.00   0.00000000   0.00000000     0.000000     0.000000     0.000000
      0.00   0.00000000   0.00000000     0.000000     0.000000     0.000000
      0.00   0.00000000   0.00000000     0.000000     0.000000     0.000000
      0.00   0.00000000   0.00000000     0.000000     0.000000     0.000000
   1736.79   0.02623032 132.55730194     0.000000    -0.000000     0.068651
   4015.96   0.00001741   0.08796142    -0.000000     0.000000     0.001163
   4171.56   0.00872795  44.10749367    -0.025552     0.000000     0.000000


$end

