
$orca_hessian_file

$act_atom
  0

$act_coord
  0

$act_energy
        0.000000

$multiplicity
  1

$hessian
12
                    0                  1                  2                  3                  4        
    0      1.2032609876E+00   3.6866343311E-14  -7.6267382452E-14  -9.7815464645E-01  -2.4754307606E-14
    1      3.6866343311E-14   6.6292277166E-01   1.4082223668E-16  -2.2355525502E-14  -1.2322883022E-01
    2     -7.6267382452E-14   1.4082223668E-16   2.1653394551E-01   1.6562358063E-13  -3.7860132823E-17
    3     -9.7815464645E-01  -2.2355525502E-14   1.6562358063E-13   1.0737083653E+00   1.9800133755E-14
    4     -2.4754307606E-14  -1.2322883022E-01  -3.7860132823E-17   1.9800133755E-14   8.6789642336E-02
    5      1.7474630284E-13  -3.0652388103E-17  -7.1538367774E-02  -1.9986801825E-13   4.7376386227E-17
    6     -1.1255317059E-01   9.0927905892E-02  -3.2833820091E-14  -4.7776859425E-02   4.3718999144E-02
    7      8.9940837972E-02  -2.6984697072E-01   4.0265760870E-14   1.7079721734E-02   1.8219593943E-02
    8     -6.0876816489E-14   6.6428091189E-14  -7.2497788868E-02   2.3502188310E-14   2.9708701041E-15
    9     -1.1255317059E-01  -9.0927905892E-02  -3.3016740340E-14  -4.7776859425E-02  -4.3718999144E-02
   10     -8.9940837972E-02  -2.6984697072E-01  -4.0368789403E-14  -1.7079721734E-02   1.8219593943E-02
   11     -6.1107741643E-14  -6.6538194609E-14  -7.2497788868E-02   2.3617743761E-14  -2.9803845816E-15
                    5                  6                  7                  8                  9        
    0      1.7474630284E-13  -1.1255317059E-01   8.9940837972E-02  -6.0876816489E-14  -1.1255317059E-01
    1     -3.0652388103E-17   9.0927905892E-02  -2.6984697072E-01   6.6428091189E-14  -9.0927905892E-02
    2     -7.1538367774E-02  -3.2833820091E-14   4.0265760870E-14  -7.2497788868E-02  -3.3016740340E-14
    3     -1.9986801825E-13  -4.7776859425E-02   1.7079721734E-02   2.3502188310E-14  -4.7776859425E-02
    4      4.7376386227E-17   4.3718999144E-02   1.8219593943E-02   2.9708701041E-15  -4.3718999144E-02
    5      2.3617259533E-02   6.0892384122E-15  -1.7105234027E-17   2.3960554120E-02   6.1569825506E-15
    6      6.0892384122E-15   1.5016801313E-01  -1.2083373237E-01   3.1122829263E-14   1.0162016882E-02
    7     -1.7105234027E-17  -1.2083373237E-01   2.7273239767E-01  -5.4817094726E-14   1.3814399110E-02
    8      2.3960554120E-02   3.1122829263E-14  -5.4817094726E-14   2.4277823900E-02   9.3532581504E-16
    9      6.1569825506E-15   1.0162016882E-02   1.3814399110E-02   9.3532581504E-16   1.5016801313E-01
   10      3.7946003129E-19  -1.3814399110E-02  -2.1105020889E-02  -1.0000038109E-14   1.2083373237E-01
   11      2.3960554120E-02   9.3822551722E-16   9.9866106310E-15   2.4259410847E-02   3.1238102170E-14
                   10                 11        
     0     -8.9940837972E-02  -6.1107741643E-14
     1     -2.6984697072E-01  -6.6538194609E-14
     2     -4.0368789403E-14  -7.2497788868E-02
     3     -1.7079721734E-02   2.3617743761E-14
     4      1.8219593943E-02  -2.9803845816E-15
     5      3.7946003129E-19   2.3960554120E-02
     6     -1.3814399110E-02   9.3822551722E-16
     7     -2.1105020889E-02   9.9866106310E-15
     8     -1.0000038109E-14   2.4259410847E-02
     9      1.2083373237E-01   3.1238102170E-14
    10      2.7273239767E-01   5.4950208306E-14
    11      5.4950208306E-14   2.4277823900E-02

$vibrational_frequencies
12
    0        0.0000000000000000
    1        0.0000000000000000
    2        0.0000000000000000
    3        0.0000000000000000
    4        0.0000000000000000
    5        0.0000000000000000
    6     1337.1004002232587027
    7     1372.1943048086225190
    8     1656.5846233912368461
    9     2005.9622207322936447
   10     3091.5682772044610829
   11     3159.9134247258921278

$normal_modes
12 12
                    0                  1                  2                  3                  4        
    0      0.0000000000E+00   0.0000000000E+00   0.0000000000E+00   0.0000000000E+00   0.0000000000E+00
    1      0.0000000000E+00   0.0000000000E+00   0.0000000000E+00   0.0000000000E+00   0.0000000000E+00
    2      0.0000000000E+00   0.0000000000E+00   0.0000000000E+00   0.0000000000E+00   0.0000000000E+00
    3      0.0000000000E+00   0.0000000000E+00   0.0000000000E+00   0.0000000000E+00   0.0000000000E+00
    4      0.0000000000E+00   0.0000000000E+00   0.0000000000E+00   0.0000000000E+00   0.0000000000E+00
    5      0.0000000000E+00   0.0000000000E+00   0.0000000000E+00   0.0000000000E+00   0.0000000000E+00
    6      0.0000000000E+00   0.0000000000E+00   0.0000000000E+00   0.0000000000E+00   0.0000000000E+00
    7      0.0000000000E+00   0.0000000000E+00   0.0000000000E+00   0.0000000000E+00   0.0000000000E+00
    8      0.0000000000E+00   0.0000000000E+00   0.0000000000E+00   0.0000000000E+00   0.0000000000E+00
    9      0.0000000000E+00   0.0000000000E+00   0.0000000000E+00   0.0000000000E+00   0.0000000000E+00
   10      0.0000000000E+00   0.0000000000E+00   0.0000000000E+00   0.0000000000E+00   0.0000000000E+00
   11      0.0000000000E+00   0.0000000000E+00   0.0000000000E+00   0.0000000000E+00   0.0000000000E+00
                    5                  6                  7                  8                  9        
    0      0.0000000000E+00  -2.4269771186E-14  -1.2196492074E-14  -1.9496994655E-03  -6.0175027020E-01
    1      0.0000000000E+00   9.6677490059E-16  -1.4934611472E-01   3.3536298141E-14   1.3100005848E-14
    2      0.0000000000E+00   1.7437631410E-01   1.1794116641E-15  -2.8140325686E-14   9.4617725583E-14
    3      0.0000000000E+00  -8.0911392456E-15  -1.1149028402E-14  -7.5442614517E-02   4.3250334621E-01
    4      0.0000000000E+00  -5.2993262609E-16   8.0140476043E-02  -1.7177118979E-14   6.6209637240E-16
    5      0.0000000000E+00  -4.3259094746E-02  -3.0126185878E-16   6.6364676578E-15  -1.0715450269E-13
    6      0.0000000000E+00   2.0441632547E-13   6.4902254289E-01   6.1032947913E-01   1.5277850165E-01
    7      0.0000000000E+00  -6.1655100783E-14   2.5378408121E-01   3.5305839771E-01   4.4953026967E-01
    8      0.0000000000E+00  -6.9560101775E-01  -3.1773128248E-13   1.1499721822E-13   2.8644748774E-13
    9      0.0000000000E+00   2.1342601879E-13  -6.4902254289E-01   6.1032947913E-01   1.5277850165E-01
   10      0.0000000000E+00   5.8494021757E-14   2.5378408121E-01  -3.5305839771E-01  -4.4953026967E-01
   11      0.0000000000E+00  -6.9560101775E-01   3.0843779307E-13   1.1496830534E-13   2.8644818055E-13
                   10                 11        
     0     -6.0613781135E-02  -5.3833456472E-14
     1      7.6059492040E-14  -1.0062062626E-01
     2     -1.9366546534E-14  -5.4810187657E-17
     3      9.8887017381E-04   3.0906718181E-15
     4     -7.1977268159E-16   2.7903337054E-04
     5     -3.6644639849E-15   7.3813873410E-18
     6      3.5327936077E-01  -3.7176598302E-01
     7     -6.1102879563E-01   5.9726690828E-01
     8      1.4442862338E-13  -2.1147672654E-13
     9      3.5327936076E-01   3.7176598302E-01
    10      6.1102879563E-01   5.9726690828E-01
    11      1.4450755121E-13   2.1200548835E-13

#
# The atoms: label  mass x y z (in bohrs)
#
$atoms
4
 C     12.01100     -1.112995858319    -0.000000000000     0.000000000000
 O     15.99900      1.114326667773     0.000000000000    -0.000000000000
 H      1.00800     -2.212261460038     1.752776711753    -0.000000000000
 H      1.00800     -2.212261460038    -1.752776711753    -0.000000000000

$actual_temperature
  0.000000

$frequency_scale_factor
  1.000000

$dipole_derivatives
12
    1.2102305233E+00   -1.6463717413E-14    6.9834663112E-14
   -5.2186945263E-14    9.4165907495E-01   -6.8563977921E-16
   -2.4965651776E-13   -8.2345657095E-16    2.5963150102E-01
   -1.1383256244E+00    3.4970092241E-15   -8.0564350632E-14
    4.0177401987E-15   -5.4525776997E-01    5.6957985537E-16
   -1.7350078585E-14    6.2288984794E-16   -3.9922092890E-01
   -3.5960669156E-02    7.5513800636E-02    5.8927592842E-15
    1.1830742218E-01   -1.9821883372E-01   -4.0461169450E-14
   -3.5226350970E-13    1.1061287573E-13    6.9803696542E-02
   -3.5960669156E-02   -7.5513800636E-02    5.2558068680E-15
   -1.1830742218E-01   -1.9821883372E-01    4.0577823406E-14
   -3.5598209779E-13   -1.1040945364E-13    6.9803696542E-02

#
# The IR spectrum
#  wavenumber eps Int TX TY TZ
#
$ir_spectrum
12
      0.00   0.00000000   0.00000000     0.000000     0.000000     0.000000
      0.00   0.00000000   0.00000000     0.000000     0.000000     0.000000
      0.00   0.00000000   0.00000000     0.000000     0.000000     0.000000
      0.00   0.00000000   0.00000000     0.000000     0.000000     0.000000
      0.00   0.00000000   0.00000000     0.000000     0.000000     0.000000
      0.00   0.00000000   0.00000000     0.000000     0.000000     0.000000
   1337.10   0.00016818   0.84990400     0.000000     0.000000    -0.006265
   1372.19   0.00499374  25.23630435     0.000000    -0.033700     0.000000
   1656.58   0.00267632  13.52503812     0.022453     0.000000    -0.000000
   2005.96   0.03132721 158.31488899    -0.069811     0.000000    -0.000000
   3091.57   0.01099653  55.57195041    -0.033317     0.000000     0.000000
   3159.91   0.02592059 130.99204367    -0.000000    -0.050595    -0.000000


$end

